Joueur 0
1 steal 3 3 50 18 0 0 18 0 0
2 get 1 2 50 31 0 31 18 0 0
3 get 1 3 50 9 0 31 27 0 0
4 get 1 5 50 1 0 31 27 0 1
5 steal 1 1 50 31 31 31 27 0 1
6 get 3 5 50 28 31 31 27 0 29
7 get 2 5 50 25 31 31 27 0 54
8 get 3 2 50 21 31 52 27 0 54
9 get 1 3 50 39 31 52 66 0 54
10 get 3 3 50 12 31 52 78 0 54
11 get 1 2 50 33 31 85 78 0 54
12 get 3 5 50 3 31 85 78 0 57
13 steal 1 5 50 7 31 85 78 0 64
14 steal 3 5 50 -1 31 85 78 0 86
15 get 1 3 50 8 31 85 86 0 86
16 get 1 5 50 45 31 85 86 0 131
17 get 3 4 50 3 31 85 86 3 131
18 get 1 3 50 8 31 85 94 3 131
19 steal 2 4 50 -1 31 85 94 20 131
20 get 2 1 50 37 68 85 94 20 131
21 get 2 5 50 27 68 85 94 20 158
22 get 2 1 50 7 75 85 94 20 158
23 get 2 4 50 19 75 85 94 39 158
24 get 1 3 50 24 75 85 118 39 158
25 steal 3 1 50 -1 82 85 118 39 158
26 steal 2 5 50 34 82 85 118 39 192
27 get 2 4 50 31 82 85 118 70 192
28 get 2 2 50 17 82 102 118 70 192
29 get 1 3 50 39 82 102 157 70 192
30 get 3 3 50 39 82 102 196 70 192
31 steal 2 1 50 30 112 102 196 70 192
32 get 1 4 50 35 112 102 196 105 192
33 get 1 3 50 12 112 102 208 105 192
34 get 2 2 50 6 112 108 208 105 192
35 get 2 2 50 45 112 153 208 105 192
36 get 3 1 50 44 156 153 208 105 192
37 get 2 1 50 21 177 153 208 105 192
38 get 3 3 50 44 177 153 252 105 192
39 get 3 1 50 25 202 153 252 105 192
40 get 1 4 50 35 202 153 252 140 192
41 steal 2 3 50 -1 202 153 282 140 192
42 get 2 1 50 44 246 153 282 140 192
43 get 2 3 46 46 246 153 328 140 192
44 get 1 1 50 6 252 153 328 140 192
45 get 3 4 50 12 252 153 328 152 192
46 steal 3 1 50 -1 269 153 328 152 192
47 get 3 2 50 11 269 164 328 152 192
48 steal 2 2 50 10 269 174 328 152 192
49 steal 3 1 41 41 310 174 328 152 192
50 get 3 5 50 42 310 174 328 152 234
51 get 3 2 50 5 310 179 328 152 234
52 get 1 4 50 23 310 179 328 175 234
53 get 2 4 50 16 310 179 328 191 234
54 get 2 5 50 30 310 179 328 191 264
55 get 3 2 50 36 310 215 328 191 264
56 get 2 4 50 33 310 215 328 224 264
57 get 1 2 37 37 310 252 328 224 264
58 get 1 4 50 7 310 252 328 231 264
59 get 2 5 50 5 310 252 328 231 269
60 get 3 4 50 11 310 252 328 242 269
61 get 3 4 50 22 310 252 328 264 269
62 get 2 5 45 45 310 252 328 264 314
63 get 3 4 41 41 310 252 328 305 314
