Joueur 3
1 get 2 2 50 48 0 48 0 0 0
2 get 2 5 50 16 0 48 0 0 16
3 steal 1 2 50 2 0 50 0 0 16
4 get 2 5 50 23 0 50 0 0 39
5 get 1 1 50 7 7 50 0 0 39
6 get 1 2 50 45 7 95 0 0 39
7 get 1 2 50 5 7 100 0 0 39
8 get 1 4 50 0 7 100 0 0 39
9 get 1 5 50 3 7 100 0 0 42
10 get 1 4 50 45 7 100 0 45 42
11 get 1 2 50 1 7 101 0 45 42
12 get 1 4 50 2 7 101 0 47 42
13 get 1 2 50 28 7 129 0 47 42
14 get 3 4 50 6 7 129 0 53 42
15 get 3 2 50 37 7 166 0 53 42
16 get 1 4 50 27 7 166 0 80 42
17 steal 2 5 50 -1 7 166 0 80 78
18 get 2 5 50 4 7 166 0 80 82
19 get 1 2 50 24 7 190 0 80 82
20 get 2 3 50 26 7 190 26 80 82
21 get 1 3 50 30 7 190 56 80 82
22 get 3 3 50 0 7 190 56 80 82
23 get 3 4 50 46 7 190 56 126 82
24 steal 1 4 50 35 7 190 56 161 82
25 steal 3 2 50 4 7 194 56 161 82
26 get 2 4 50 34 7 194 56 195 82
27 get 2 1 50 31 38 194 56 195 82
28 get 1 3 50 15 38 194 71 195 82
29 get 2 4 50 31 38 194 71 226 82
30 get 3 1 50 34 72 194 71 226 82
31 get 2 5 50 31 72 194 71 226 113
32 steal 2 5 50 27 72 194 71 226 140
33 get 1 5 50 1 72 194 71 226 141
34 get 3 5 50 34 72 194 71 226 175
35 get 2 2 50 3 72 197 71 226 175
36 get 2 3 50 5 72 197 76 226 175
37 get 1 5 50 35 72 197 76 226 210
38 get 2 3 50 1 72 197 77 226 210
39 get 3 4 50 13 72 197 77 239 210
40 get 3 2 50 18 72 215 77 239 210
41 get 3 1 50 28 100 215 77 239 210
42 get 2 4 50 18 100 215 77 257 210
43 get 3 1 50 41 141 215 77 257 210
44 get 3 5 50 6 141 215 77 257 216
45 get 1 2 37 37 141 252 77 257 216
46 get 3 1 50 13 154 252 77 257 216
47 get 1 5 50 25 154 252 77 257 241
48 get 3 1 50 20 174 252 77 257 241
49 get 1 5 50 47 174 252 77 257 288
50 steal 1 5 26 26 174 252 77 257 314
51 get 2 3 50 25 174 252 102 257 314
52 get 1 4 48 48 174 252 102 305 314
53 steal 3 3 50 7 174 252 109 305 314
54 get 2 3 50 12 174 252 121 305 314
55 steal 3 1 50 47 221 252 121 305 314
56 get 3 1 50 24 245 252 121 305 314
57 get 2 1 50 0 245 252 121 305 314
58 get 2 3 50 43 245 252 164 305 314
59 get 1 3 50 41 245 252 205 305 314
60 get 1 1 50 17 262 252 205 305 314
61 get 3 1 48 48 310 252 205 305 314
62 get 2 3 50 1 310 252 206 305 314
63 get 2 3 50 49 310 252 255 305 314
64 get 3 3 50 40 310 252 295 305 314
65 get 3 3 33 33 310 252 328 305 314
