Joueur 4
1 get 3 3 50 11 0 0 11 0 0
2 steal 1 2 50 28 0 28 11 0 0
3 get 1 1 50 16 16 28 11 0 0
4 get 1 3 50 28 16 28 39 0 0
5 get 3 3 50 20 16 28 59 0 0
6 get 1 3 50 39 16 28 98 0 0
7 get 1 1 50 5 21 28 98 0 0
8 get 1 3 50 9 21 28 107 0 0
9 steal 2 3 50 49 21 28 156 0 0
10 get 1 2 50 13 21 41 156 0 0
11 get 3 3 50 15 21 41 171 0 0
12 get 3 2 50 41 21 82 171 0 0
13 get 1 5 50 40 21 82 171 0 40
14 get 1 2 50 26 21 108 171 0 40
15 get 2 5 50 14 21 108 171 0 54
16 get 1 5 50 10 21 108 171 0 64
17 get 3 2 50 10 21 118 171 0 64
18 steal 2 3 50 18 21 118 189 0 64
19 get 1 4 50 34 21 118 189 34 64
20 steal 3 4 50 4 21 118 189 38 64
21 steal 2 3 50 18 21 118 207 38 64
22 steal 3 4 50 -1 21 118 207 55 64
23 get 2 3 50 0 21 118 207 55 64
24 get 1 5 50 28 21 118 207 55 92
25 steal 2 4 50 24 21 118 207 79 92
26 get 2 3 50 41 21 118 248 79 92
27 get 2 2 50 1 21 119 248 79 92
28 get 3 2 50 15 21 134 248 79 92
29 get 1 2 50 10 21 144 248 79 92
30 get 1 4 50 43 21 144 248 122 92
31 get 1 2 50 15 21 159 248 122 92
32 get 2 3 50 3 21 159 251 122 92
33 get 1 1 50 47 68 159 251 122 92
34 get 2 3 50 0 68 159 251 122 92
35 get 3 3 50 25 68 159 276 122 92
36 get 1 5 50 2 68 159 276 122 94
37 get 1 2 50 49 68 208 276 122 94
38 get 2 3 50 25 68 208 301 122 94
39 get 3 2 44 44 68 252 301 122 94
40 get 1 3 27 27 68 252 328 122 94
41 get 3 4 50 44 68 252 328 166 94
42 steal 2 5 50 25 68 252 328 166 119
43 get 2 4 50 22 68 252 328 188 119
44 get 3 5 50 8 68 252 328 188 127
45 get 3 5 50 32 68 252 328 188 159
46 get 2 4 50 35 68 252 328 223 159
47 get 2 5 50 41 68 252 328 223 200
48 get 1 4 50 1 68 252 328 224 200
49 steal 1 5 50 19 68 252 328 224 219
50 get 1 1 50 41 109 252 328 224 219
51 get 3 5 50 9 109 252 328 224 228
52 steal 3 1 50 28 137 252 328 224 228
53 get 3 4 50 49 137 252 328 273 228
54 get 3 5 50 40 137 252 328 273 268
55 get 2 1 50 6 143 252 328 273 268
56 get 1 5 46 46 143 252 328 273 314
57 get 3 4 32 32 143 252 328 305 314
58 get 3 1 50 29 172 252 328 305 314
59 get 3 1 50 15 187 252 328 305 314
60 get 3 1 50 15 202 252 328 305 314
61 get 3 1 50 44 246 252 328 305 314
62 get 1 1 50 38 284 252 328 305 314
63 get 3 1 26 26 310 252 328 305 314
