Joueur 2
1 steal 1 4 50 49 0 0 0 49 0
2 get 2 5 50 17 0 0 0 49 17
3 get 3 3 50 7 0 0 7 49 17
4 steal 1 5 50 26 0 0 7 49 43
5 get 1 4 50 8 0 0 7 57 43
6 get 3 5 50 8 0 0 7 57 51
7 get 3 5 50 16 0 0 7 57 67
8 get 1 4 50 46 0 0 7 103 67
9 get 3 3 50 40 0 0 47 103 67
10 get 1 5 50 34 0 0 47 103 101
11 steal 2 2 50 19 0 19 47 103 101
12 get 1 4 50 23 0 19 47 126 101
13 get 1 5 50 33 0 19 47 126 134
14 get 3 3 50 34 0 19 81 126 134
15 get 1 2 50 4 0 23 81 126 134
16 get 1 4 50 16 0 23 81 142 134
17 steal 1 1 50 -1 4 23 81 142 134
18 get 2 4 50 7 4 23 81 149 134
19 get 2 4 50 30 4 23 81 179 134
20 get 1 5 50 32 4 23 81 179 166
21 steal 3 1 50 42 46 23 81 179 166
22 get 3 5 50 1 46 23 81 179 167
23 get 1 1 50 5 51 23 81 179 167
24 get 1 1 50 6 57 23 81 179 167
25 steal 2 3 50 23 57 23 104 179 167
26 get 1 4 50 2 57 23 104 181 167
27 get 2 4 50 30 57 23 104 211 167
28 get 1 3 50 46 57 23 150 211 167
29 get 3 1 50 6 63 23 150 211 167
30 get 3 5 50 32 63 23 150 211 199
31 steal 3 2 50 30 63 53 150 211 199
32 get 3 1 50 34 97 53 150 211 199
33 steal 2 2 50 1 97 54 150 211 199
34 get 1 1 50 2 99 54 150 211 199
35 get 2 1 50 49 148 54 150 211 199
36 get 1 1 50 20 168 54 150 211 199
37 get 1 5 50 48 168 54 150 211 247
38 get 3 1 50 11 179 54 150 211 247
39 get 3 3 50 46 179 54 196 211 247
40 steal 1 4 50 -1 179 54 196 233 247
41 get 1 2 50 31 179 85 196 233 247
42 get 2 3 50 26 179 85 222 233 247
43 get 3 4 50 38 179 85 222 271 247
44 steal 3 3 50 0 179 85 222 271 247
45 get 2 5 50 42 179 85 222 271 289
46 steal 2 5 25 25 179 85 222 271 314
47 steal 3 2 50 -1 179 99 222 271 314
48 get 2 4 34 34 179 99 222 305 314
49 get 1 1 50 6 185 99 222 305 314
50 get 1 2 50 6 185 105 222 305 314
51 get 2 1 50 27 212 105 222 305 314
52 get 3 1 50 5 217 105 222 305 314
53 steal 1 2 50 44 217 149 222 305 314
54 steal 2 3 50 43 217 149 265 305 314
55 get 3 1 50 15 232 149 265 305 314
56 get 1 1 50 9 241 149 265 305 314
57 get 3 2 50 30 241 179 265 305 314
58 get 2 2 50 21 241 200 265 305 314
59 get 1 3 50 38 241 200 303 305 314
60 steal 2 1 50 49 290 200 303 305 314
61 get 1 1 20 20 310 200 303 305 314
62 get 2 2 50 38 310 238 303 305 314
63 get 2 2 14 14 310 252 303 305 314
64 get 2 3 25 25 310 252 328 305 314
