Joueur 1
1 get 2 5 50 13 0 0 0 0 13
2 get 3 1 50 6 6 0 0 0 13
3 get 2 3 50 28 6 0 28 0 13
4 steal 2 2 50 34 6 34 28 0 13
5 get 2 5 50 29 6 34 28 0 42
6 steal 3 1 50 35 41 34 28 0 42
7 get 3 3 50 24 41 34 52 0 42
8 get 1 2 50 34 41 68 52 0 42
9 get 1 5 50 11 41 68 52 0 53
10 steal 3 4 50 -1 41 68 52 21 53
11 steal 3 1 50 6 47 68 52 21 53
12 get 2 5 50 25 47 68 52 21 78
13 get 2 2 50 12 47 80 52 21 78
14 get 2 5 50 4 47 80 52 21 82
15 steal 3 3 50 37 47 80 89 21 82
16 get 2 3 50 3 47 80 92 21 82
17 get 1 5 50 13 47 80 92 21 95
18 get 2 3 50 24 47 80 116 21 95
19 get 2 2 50 15 47 95 116 21 95
20 steal 3 1 50 28 75 95 116 21 95
21 get 2 2 50 2 75 97 116 21 95
22 steal 1 1 50 -1 98 97 116 21 95
23 get 2 1 50 38 136 97 116 21 95
24 get 2 1 50 32 168 97 116 21 95
25 get 3 1 50 45 213 97 116 21 95
26 get 1 1 50 2 215 97 116 21 95
27 steal 2 2 50 -1 215 125 116 21 95
28 steal 3 2 50 40 215 165 116 21 95
29 get 3 3 50 26 215 165 142 21 95
30 get 3 4 50 46 215 165 142 67 95
31 get 3 5 50 44 215 165 142 67 139
32 get 3 2 50 20 215 185 142 67 139
33 steal 3 4 50 19 215 185 142 86 139
34 steal 1 4 50 4 215 185 142 90 139
35 get 2 5 50 17 215 185 142 90 156
36 get 3 3 50 10 215 185 152 90 156
37 get 1 1 50 27 242 185 152 90 156
38 get 2 2 50 36 242 221 152 90 156
39 steal 1 3 50 36 242 221 188 90 156
40 get 3 4 50 37 242 221 188 127 156
41 steal 3 3 50 15 242 221 203 127 156
42 get 3 3 50 16 242 221 219 127 156
43 get 3 2 31 31 242 252 219 127 156
44 get 1 3 50 31 242 252 250 127 156
45 get 2 5 50 24 242 252 250 127 180
46 get 1 1 50 46 288 252 250 127 180
47 get 1 4 50 3 288 252 250 130 180
48 get 3 4 50 49 288 252 250 179 180
49 get 3 4 50 44 288 252 250 223 180
50 get 3 1 22 22 310 252 250 223 180
51 get 1 3 50 34 310 252 284 223 180
52 get 2 3 44 44 310 252 328 223 180
53 get 2 5 50 23 310 252 328 223 203
54 get 2 5 50 41 310 252 328 223 244
55 get 1 4 50 18 310 252 328 241 244
56 get 2 4 50 34 310 252 328 275 244
57 get 2 4 30 30 310 252 328 305 244
58 steal 2 5 50 -1 310 252 328 305 275
59 get 2 5 39 39 310 252 328 305 314
